-2.020000000000000094e-03 -1.009999999999997011e-03 -1.341600000000000570e-01
-1.020000000000000073e-03 2.090000000000008518e-03 -5.015719999999999956e+00
6.069999999999999875e-03 -2.080000000000012395e-03 4.009869999999999379e+00
1.020000000000000073e-03 5.050000000000012812e-03 -2.865269999999999762e+00
-5.049999999999999802e-03 -4.120000000000012541e-03 2.360319999999999752e+00
-4.622000000000000414e-02 1.100300000000000028e-01 5.994800000000000129e-01
7.955000000000000959e-02 -1.342200000000000060e-01 -4.925950000000000273e+00
6.629999999999997007e-03 9.306999999999999995e-02 5.982450000000000045e+00
-6.112999999999999684e-02 -1.002699999999999980e-01 -5.679999999999907345e-03
-4.570000000000001145e-03 2.356999999999999373e-02 1.895999999999986585e-02
-1.950000000000000344e-03 1.324999999999999789e-02 -1.400999999999985590e-02
-6.570000000000002921e-03 -3.411999999999999755e-02 -4.235999999999995325e-02
2.008000000000000063e-02 2.881000000000000227e-02 -3.488000000000024414e-02
3.973000000000000143e-02 2.618999999999999800e-02 -7.414999999999993818e-02
-2.073999999999999802e-02 -3.731000000000000288e-02 -1.724999999999998757e-01
2.340000000000000066e-03 1.281000000000000194e-02 -9.350000000000013856e-02
-2.337999999999999801e-02 -8.679999999999993276e-03 -8.732000000000006423e-02
3.751000000000000167e-02 2.104999999999999927e-02 2.462000000000008626e-02
-6.049999999999999822e-02 -1.236100000000000115e-01 6.699999999999484146e-04
9.092000000000000082e-02 1.002700000000000119e-01 -4.769999999999718909e-03
-6.180999999999999689e-02 1.406999999999999917e-02 1.446999999999976083e-02
-4.059999999999999373e-03 4.369999999999998885e-03 1.849999999999996092e-02
-1.012000000000000052e-02 -1.231000000000000150e-02 -2.854000000000000981e-02
2.020999999999999880e-02 1.439000000000000001e-02 -5.220000000000002416e-03
3.060000000000000220e-03 -4.220000000000001528e-03 1.560000000000005826e-03
2.040000000000000147e-03 1.515999999999999293e-02 -3.759999999999763531e-03
1.614000000000000157e-02 -1.607999999999999707e-02 -2.282999999999990592e-02
-4.780000000000001262e-03 6.440000000000001279e-03 -1.210900000000001420e-01
6.300000000000001779e-03 8.930000000000007376e-03 -5.004200000000000870e-01
4.129999999999998256e-03 -8.250000000000007327e-03 -8.421599999999999087e-01
-6.615000000000000047e-02 2.423000000000000154e-02 -5.132499999999999840e-01
6.378000000000000336e-02 -6.350999999999999701e-02 -2.338700000000000223e-01
-5.076999999999999569e-02 5.645999999999999630e-02 -1.783999999999999475e-02
5.494000000000000272e-02 -1.528999999999999804e-02 7.492999999999999661e-02
-5.535999999999999949e-02 -2.616999999999999882e-02 1.093699999999999950e-01
3.867999999999999911e-02 1.052999999999999770e-02 7.758000000000003782e-02
-8.859999999999999820e-03 2.000000000000001776e-03 1.261099999999999999e-01
-4.071999999999999925e-02 -2.541999999999999815e-02 8.889999999999997904e-02
1.151999999999999552e-02 6.283999999999999309e-02 5.986000000000002430e-02
2.809999999999999998e-02 -3.490000000000000047e-02 1.134000000000001673e-02
6.050000000000000690e-03 1.079999999999997629e-03 9.179999999999965965e-03
4.069999999999998966e-03 1.960000000000003406e-03 -1.119999999999998774e-02
2.823999999999999774e-02 -8.799999999999918998e-04 2.168999999999998707e-02
-1.134899999999999937e-01 9.700000000000000289e-03 -1.973000000000002530e-02
1.917699999999999960e-01 -2.710000000000004072e-03 4.469999999999996199e-02
-1.105899999999999939e-01 -8.070000000000007723e-03 -2.339999999999997637e-02
-1.617000000000000035e-02 -4.039999999999988045e-03 -8.149999999999990585e-03
8.059999999999999457e-03 -2.800000000000010814e-03 -8.199999999999318945e-04
6.109999999999999980e-03 6.769999999999998241e-03 2.298000000000000043e-02
-2.030000000000000120e-03 0.000000000000000000e+00 4.359999999999919496e-03
4.030000000000000596e-03 7.000000000000061728e-05 -1.642999999999994465e-02
-2.000000000000000475e-03 -7.000000000000061728e-05 9.819999999999939888e-03
0.000000000000000000e+00 0.000000000000000000e+00 -5.649999999999932854e-03
-1.000000000000002623e-05 -2.019999999999994023e-03 3.009999999999957154e-03
-1.029999999999999883e-03 1.149999999999998246e-03 -1.276999999999994806e-02
2.009999999999999634e-03 -4.029999999999991922e-03 4.149999999999987033e-03
4.129999999999999991e-03 7.799999999999987499e-03 1.059999999999994280e-02
-2.049999999999999739e-03 -2.959999999999990417e-03 -4.409999999999913989e-03
-1.080000000000000231e-03 -7.400000000000045430e-04 -4.690000000000082991e-03
-3.989999999999999623e-03 3.830000000000000071e-03 -3.900000000000014566e-04
