0.000000000000000000e+00 0.000000000000000000e+00 0.000000000000000000e+00
1.125749999999999852e-04 -7.892622950819673853e-06 -1.597500000000000206e-05
4.724499999999999100e-04 -3.289549180327870051e-05 -4.175000000000000515e-05
1.103574999999999869e-03 -7.660860655737706127e-05 -5.337500000000000989e-05
1.980174999999999817e-03 -1.369319672131147695e-04 -7.662500000000000582e-05
3.046499999999999729e-03 -2.091155737704918451e-04 -1.672499999999999996e-04
4.517474999999999963e-03 -2.611344262295082824e-04 -1.103249999999999576e-04
6.685850000000000126e-03 -2.747135245901640029e-04 3.869000000000001344e-04
9.130825000000000399e-03 -2.776778688524591003e-04 9.036250000000001312e-04
1.159912500000000006e-02 -3.082774590163935556e-04 1.186575000000000043e-03
1.368004999999999916e-02 -3.343872950819673333e-04 8.250500000000000238e-04
1.386999999999999865e-02 -2.268323770491804242e-04 -1.684550000000000370e-03
1.231834999999999875e-02 -1.287704918032843513e-06 -6.192849999999999744e-03
1.035677499999999862e-02 2.314717213114753590e-04 -1.136817500000000120e-02
8.604849999999997223e-03 4.564209016393442112e-04 -1.659095000000000014e-02
8.025849999999995835e-03 6.248348360655737619e-04 -2.089790000000000050e-02
8.692124999999994994e-03 7.083885245901639597e-04 -2.421667500000000001e-02
9.438649999999992879e-03 7.817569672131148171e-04 -2.771230000000000221e-02
9.743099999999990657e-03 8.912151639344262528e-04 -3.190710000000000074e-02
1.015702499999998967e-02 9.497131147540984007e-04 -3.624952500000000466e-02
1.116937499999998834e-02 8.661008196721311321e-04 -4.025062500000000515e-02
1.247422499999998637e-02 7.039532786885245152e-04 -4.421632500000000771e-02
1.382914999999998451e-02 5.371704918032785573e-04 -4.838905000000000983e-02
1.536522499999998237e-02 3.628524590163932423e-04 -5.263772500000001020e-02
1.717064999999998176e-02 1.740491803278686178e-04 -5.687415000000001220e-02
1.927584999999997981e-02 -2.898934426229533693e-05 -6.106790000000001523e-02
2.159984999999997948e-02 -2.378631147540986618e-04 -6.529995000000002325e-02
2.408997499999997877e-02 -4.486221311475412608e-04 -6.962297500000003136e-02
2.657577499999997511e-02 -6.538913934426232935e-04 -7.420742500000003516e-02
2.845479999999997456e-02 -8.192709016393446555e-04 -7.965575000000003902e-02
2.918784999999997354e-02 -9.128856557377053446e-04 -8.650715000000003263e-02
2.831354999999997207e-02 -9.180606557377054026e-04 -9.522300000000002984e-02
2.573784999999996839e-02 -8.413209016393447849e-04 -1.058973500000000290e-01
2.240912499999996380e-02 -7.248163934426235131e-04 -1.175818250000000287e-01
1.832624999999996063e-02 -5.518471311475415609e-04 -1.302775500000000197e-01
1.217827499999995719e-02 -2.390131147540989066e-04 -1.452954750000000073e-01
4.442649999999952540e-03 1.866856557377044980e-04 -1.621581500000000009e-01
-3.443300000000050140e-03 6.274241803278686469e-04 -1.794282500000000113e-01
-1.142707500000005386e-02 1.073977459016393302e-03 -1.970532750000000277e-01
-1.932700000000005941e-02 1.531695491803278675e-03 -2.148515500000000300e-01
-2.650475000000006298e-02 1.977003278688524695e-03 -2.321847500000000231e-01
-3.313315000000006949e-02 2.406075819672131525e-03 -2.492257000000000222e-01
-3.952095000000007546e-02 2.822463114754098900e-03 -2.662831500000000240e-01
-4.564460000000007678e-02 3.223340163934426683e-03 -2.833335500000000451e-01
-5.117322500000007907e-02 3.587131967213115502e-03 -3.000460250000000495e-01
-5.584172500000008504e-02 3.889513524590164969e-03 -3.161554750000000746e-01
-5.997135000000008986e-02 4.140934836065575039e-03 -3.319831500000000601e-01
-6.382215000000009131e-02 4.366045901639345472e-03 -3.477891000000000732e-01
-6.728985000000009542e-02 4.565571721311476733e-03 -3.634690500000000712e-01
-7.031915000000009408e-02 4.734587295081968579e-03 -3.789677000000000739e-01
-7.304972500000009306e-02 4.885167622950821291e-03 -3.944247250000000871e-01
-7.556655000000009337e-02 5.024962704918034540e-03 -4.099251000000000977e-01
-7.784325000000009986e-02 5.152072540983608333e-03 -4.254424500000000831e-01
-7.990485000000011051e-02 5.268197131147542983e-03 -4.410018000000001104e-01
-8.177362500000011358e-02 5.374511475409838451e-03 -4.566254250000001402e-01
-8.339505000000012325e-02 5.466740573770494105e-03 -4.722588000000001451e-01
-8.466262500000013014e-02 5.536609426229510515e-03 -4.877954250000001712e-01
-8.562455000000013250e-02 5.586943032786887385e-03 -5.032835000000002168e-01
-8.646687500000013737e-02 5.631941393442625385e-03 -5.189090750000002750e-01
-8.714242500000014824e-02 5.669054508196724046e-03 -5.346249750000002798e-01
