2.195300000000000029e-01 0.000000000000000000e+00 0.000000000000000000e+00 0.000000000000000000e+00
2.172999999999999932e-01 0.000000000000000000e+00 0.000000000000000000e+00 0.000000000000000000e+00
2.290000000000000091e-01 0.000000000000000000e+00 0.000000000000000000e+00 0.000000000000000000e+00
2.231799999999999895e-01 0.000000000000000000e+00 0.000000000000000000e+00 0.000000000000000000e+00
2.263999999999999901e-01 0.000000000000000000e+00 0.000000000000000000e+00 0.000000000000000000e+00
2.196400000000000019e-01 0.000000000000000000e+00 0.000000000000000000e+00 0.000000000000000000e+00
2.328300000000000092e-01 0.000000000000000000e+00 0.000000000000000000e+00 0.000000000000000000e+00
2.300999999999999990e-01 0.000000000000000000e+00 0.000000000000000000e+00 0.000000000000000000e+00
1.928300000000000014e-01 0.000000000000000000e+00 0.000000000000000000e+00 0.000000000000000000e+00
1.507499999999999951e-01 0.000000000000000000e+00 0.000000000000000000e+00 0.000000000000000000e+00
1.088400000000000062e-01 0.000000000000000000e+00 0.000000000000000000e+00 0.000000000000000000e+00
6.517000000000000570e-02 0.000000000000000000e+00 0.000000000000000000e+00 0.000000000000000000e+00
2.266999999999999918e-02 0.000000000000000000e+00 0.000000000000000000e+00 0.000000000000000000e+00
-8.219999999999999876e-03 0.000000000000000000e+00 0.000000000000000000e+00 0.000000000000000000e+00
-7.910000000000000364e-03 0.000000000000000000e+00 0.000000000000000000e+00 0.000000000000000000e+00
-7.830000000000000154e-03 0.000000000000000000e+00 0.000000000000000000e+00 0.000000000000000000e+00
-7.820000000000000562e-03 0.000000000000000000e+00 0.000000000000000000e+00 0.000000000000000000e+00
-7.799999999999999642e-03 0.000000000000000000e+00 0.000000000000000000e+00 0.000000000000000000e+00
-7.790000000000000049e-03 0.000000000000000000e+00 0.000000000000000000e+00 0.000000000000000000e+00
-7.790000000000000049e-03 0.000000000000000000e+00 0.000000000000000000e+00 0.000000000000000000e+00
-7.799999999999999642e-03 0.000000000000000000e+00 0.000000000000000000e+00 0.000000000000000000e+00
-7.799999999999999642e-03 0.000000000000000000e+00 0.000000000000000000e+00 0.000000000000000000e+00
-7.799999999999999642e-03 0.000000000000000000e+00 0.000000000000000000e+00 0.000000000000000000e+00
-7.799999999999999642e-03 0.000000000000000000e+00 0.000000000000000000e+00 0.000000000000000000e+00
-7.799999999999999642e-03 0.000000000000000000e+00 0.000000000000000000e+00 0.000000000000000000e+00
-7.799999999999999642e-03 0.000000000000000000e+00 0.000000000000000000e+00 0.000000000000000000e+00
-7.810000000000000102e-03 0.000000000000000000e+00 0.000000000000000000e+00 0.000000000000000000e+00
-7.810000000000000102e-03 0.000000000000000000e+00 0.000000000000000000e+00 0.000000000000000000e+00
-7.790000000000000049e-03 0.000000000000000000e+00 0.000000000000000000e+00 0.000000000000000000e+00
-7.769999999999999997e-03 0.000000000000000000e+00 0.000000000000000000e+00 0.000000000000000000e+00
-6.689999999999999766e-03 0.000000000000000000e+00 0.000000000000000000e+00 0.000000000000000000e+00
-2.939999999999999905e-03 0.000000000000000000e+00 0.000000000000000000e+00 0.000000000000000000e+00
1.034999999999999983e-02 0.000000000000000000e+00 0.000000000000000000e+00 0.000000000000000000e+00
7.796999999999999764e-02 0.000000000000000000e+00 0.000000000000000000e+00 0.000000000000000000e+00
1.117100000000000037e-01 0.000000000000000000e+00 0.000000000000000000e+00 0.000000000000000000e+00
1.229699999999999960e-01 0.000000000000000000e+00 0.000000000000000000e+00 0.000000000000000000e+00
1.244900000000000034e-01 0.000000000000000000e+00 0.000000000000000000e+00 0.000000000000000000e+00
1.245600000000000041e-01 0.000000000000000000e+00 0.000000000000000000e+00 0.000000000000000000e+00
1.239399999999999946e-01 0.000000000000000000e+00 0.000000000000000000e+00 0.000000000000000000e+00
1.247499999999999998e-01 0.000000000000000000e+00 0.000000000000000000e+00 0.000000000000000000e+00
1.242000000000000048e-01 0.000000000000000000e+00 0.000000000000000000e+00 0.000000000000000000e+00
1.241000000000000020e-01 0.000000000000000000e+00 0.000000000000000000e+00 0.000000000000000000e+00
1.241099999999999981e-01 0.000000000000000000e+00 0.000000000000000000e+00 0.000000000000000000e+00
1.241300000000000042e-01 0.000000000000000000e+00 0.000000000000000000e+00 0.000000000000000000e+00
1.242599999999999955e-01 0.000000000000000000e+00 0.000000000000000000e+00 0.000000000000000000e+00
1.239999999999999991e-01 0.000000000000000000e+00 0.000000000000000000e+00 0.000000000000000000e+00
1.240200000000000052e-01 0.000000000000000000e+00 0.000000000000000000e+00 0.000000000000000000e+00
1.242800000000000016e-01 0.000000000000000000e+00 0.000000000000000000e+00 0.000000000000000000e+00
1.240399999999999975e-01 0.000000000000000000e+00 0.000000000000000000e+00 0.000000000000000000e+00
1.232499999999999984e-01 0.000000000000000000e+00 0.000000000000000000e+00 0.000000000000000000e+00
1.240499999999999936e-01 0.000000000000000000e+00 0.000000000000000000e+00 0.000000000000000000e+00
1.239399999999999946e-01 0.000000000000000000e+00 0.000000000000000000e+00 0.000000000000000000e+00
1.241499999999999965e-01 0.000000000000000000e+00 0.000000000000000000e+00 0.000000000000000000e+00
1.239299999999999985e-01 0.000000000000000000e+00 0.000000000000000000e+00 0.000000000000000000e+00
1.240200000000000052e-01 0.000000000000000000e+00 0.000000000000000000e+00 0.000000000000000000e+00
1.239600000000000007e-01 0.000000000000000000e+00 0.000000000000000000e+00 0.000000000000000000e+00
1.243200000000000000e-01 0.000000000000000000e+00 0.000000000000000000e+00 0.000000000000000000e+00
1.235300000000000009e-01 0.000000000000000000e+00 0.000000000000000000e+00 0.000000000000000000e+00
1.237100000000000005e-01 0.000000000000000000e+00 0.000000000000000000e+00 0.000000000000000000e+00
