1.050000000000000152e-03 8.000000000000367928e-05 3.373569999999999958e+00
1.999999999999983562e-05 -9.399999999999963940e-04 -1.924230000000000107e+00
-3.999999999999988808e-05 1.889999999999995850e-03 -2.279819999999999958e+00
-1.030000000000000100e-03 0.000000000000000000e+00 9.926000000000012591e-02
1.050000000000000152e-03 -9.499999999999994560e-04 3.499899999999999789e+00
-1.030000000000000100e-03 0.000000000000000000e+00 -3.595999999999999752e-01
-2.060000000000000199e-03 0.000000000000000000e+00 1.886070000000000135e+00
-3.489000000000000434e-02 6.403999999999999970e-02 -2.481230000000000047e+00
3.704000000000000348e-02 4.129999999999999991e-03 7.048999999999996935e-02
-1.018599999999999922e-01 6.638000000000000844e-02 3.491699999999999804e-01
7.214999999999999192e-02 -7.148999999999999799e-02 2.746899999999999897e-01
1.470499999999999863e-01 -1.112900000000000000e-01 -1.618999999999998218e-02
-3.657699999999999840e-01 1.676499999999999935e-01 -2.182400000000000173e-01
2.206400000000000028e-01 -3.188099999999999823e-01 3.639200000000000212e-01
2.662999999999999742e-02 1.992299999999999904e-01 -1.607999999999998320e-02
-9.699999999999999421e-04 2.500000000000002220e-04 3.249999999999975131e-03
2.050000000000000173e-03 -1.000000000000306200e-05 1.499999999999834799e-04
0.000000000000000000e+00 1.030000000000003135e-03 -9.999999999998898659e-05
-1.030000000000000100e-03 1.029999999999996196e-03 1.999999999999779732e-04
1.030000000000000100e-03 -1.029999999999996196e-03 -1.499999999999834799e-04
0.000000000000000000e+00 0.000000000000000000e+00 7.000000000001449507e-05
-2.000000000000000502e-05 9.499999999999994560e-04 -9.999999999998898659e-05
2.000000000000000502e-05 -9.499999999999994560e-04 -4.000000000004000356e-05
-1.040000000000000126e-03 -1.109999999999999876e-03 1.499999999999834799e-04
-1.060000000000000178e-03 9.499999999999994560e-04 2.199999999999979750e-04
2.070000000000000225e-03 0.000000000000000000e+00 -3.199999999999869615e-04
1.999999999999999147e-05 7.999999999999674039e-05 -1.700000000000034817e-04
0.000000000000000000e+00 -1.029999999999996196e-03 1.799999999999579714e-04
1.000000000000001268e-05 7.999999999999674039e-05 2.000000000000889955e-04
1.010000000000000047e-03 4.029999999999998861e-03 -9.900000000000463984e-04
-5.190000000000000169e-03 7.140000000000000513e-03 1.582000000000005624e-02
-2.167000000000000176e-02 -3.414999999999999980e-02 6.470999999999993424e-02
-1.041399999999999965e-01 -1.549000000000000377e-02 1.195809999999999818e+00
1.142499999999999905e-01 1.628999999999999893e-01 6.807300000000002793e-01
1.172100000000000086e-01 -1.165899999999999992e-01 4.040599999999998637e-01
-2.012899999999999967e-01 -9.330000000000000793e-02 2.007699999999998930e-01
7.850000000000000033e-02 7.276000000000000523e-02 1.939000000000001833e-02
-7.930000000000003019e-03 5.740000000000008984e-03 -6.569999999999964757e-03
2.715000000000000052e-02 9.889999999999996017e-03 1.162000000000018574e-02
4.000000000000010492e-05 -8.700000000000027156e-04 -2.957000000000009621e-02
0.000000000000000000e+00 0.000000000000000000e+00 -8.290000000000130598e-03
1.010000000000000047e-03 -7.999999999999674039e-05 9.390000000000231495e-03
-1.030000000000000100e-03 0.000000000000000000e+00 -2.819000000000038142e-02
0.000000000000000000e+00 1.029999999999996196e-03 9.480000000000377014e-03
5.159999999999999656e-03 -9.999999999996123101e-06 -1.489999999999991331e-03
-7.190000000000000210e-03 -1.960000000000003406e-03 -6.930000000000102744e-03
4.109999999999999938e-03 2.040000000000000147e-03 2.689999999999992397e-02
1.010000000000000047e-03 -7.999999999999674039e-05 -4.803999999999986059e-02
-1.010000000000000047e-03 1.109999999999999876e-03 1.013999999999981583e-02
-1.030000000000000100e-03 0.000000000000000000e+00 -6.349999999999855760e-03
2.040000000000000147e-03 -8.000000000000367928e-05 1.583999999999985420e-02
-1.010000000000000047e-03 -9.499999999999994560e-04 1.000000000002110312e-04
0.000000000000000000e+00 1.030000000000003135e-03 -8.601000000000036394e-02
-2.000000000000000502e-05 -1.109999999999999876e-03 1.892000000000004789e-02
1.040000000000000126e-03 -2.050000000000003209e-03 -9.959999999999968878e-03
-1.020000000000000073e-03 2.129999999999999949e-03 -1.541999999999976723e-02
0.000000000000000000e+00 -1.020000000000000073e-03 -1.700000000000034817e-03
5.252000000000000418e-02 -2.167999999999999788e-02 -1.783000000000001251e-02
-5.252000000000000418e-02 2.167999999999999788e-02 2.959999999999851639e-03
