0.000000000000000000e+00 0.000000000000000000e+00 0.000000000000000000e+00
-1.748958333333333268e-04 1.784083333333333376e-05 -2.590000000000000275e-05
-6.483333333333333353e-04 6.751333333333332277e-05 -5.235000000000001208e-05
-1.395887499999999906e-03 1.470425000000000139e-04 -5.492500000000002046e-05
-2.497633333333333129e-03 2.620033333333333936e-04 -1.137000000000000396e-04
-3.979995833333332955e-03 4.142208333333334113e-04 -2.551000000000000750e-04
-5.789324999999999680e-03 5.999700000000001256e-04 -4.254750000000000827e-04
-7.897445833333332360e-03 8.172008333333334595e-04 -5.966500000000001100e-04
-1.021983333333333251e-02 1.046913333333333602e-03 -6.841000000000000943e-04
-1.255006249999999872e-02 1.250932500000000343e-03 -4.814000000000001004e-04
-1.369293333333333230e-02 1.466433333333333651e-03 1.206649999999999867e-03
-1.255124583333333196e-02 1.749890833333333801e-03 5.477250000000000348e-03
-1.094004999999999804e-02 2.149630000000000464e-03 1.051534999999999970e-02
-1.009964583333333027e-02 2.766950833333333987e-03 1.508065000000000100e-02
-8.129633333333330381e-03 3.440753333333333979e-03 2.107355000000000339e-02
-4.528237499999995461e-03 3.927662500000000771e-03 2.899582500000000285e-02
-6.835333333333271436e-04 4.324003333333333900e-03 3.745940000000000381e-02
2.889079166666674078e-03 4.749550833333333714e-03 4.594887500000000707e-02
6.260725000000008644e-03 5.198430000000000412e-03 5.453537500000001093e-02
9.424979166666676983e-03 5.670415833333333593e-03 6.321247500000001796e-02
1.237834166666667776e-02 6.165233333333333156e-03 7.197667500000001772e-02
1.512231250000001248e-02 6.683057499999999797e-03 8.082947500000001173e-02
1.763159166666668221e-02 7.225913333333332765e-03 8.974557500000000798e-02
1.987937916666668303e-02 7.795650833333332350e-03 9.869817500000001298e-02
2.187007500000001659e-02 8.392444999999998378e-03 1.076916750000000145e-01
2.355935416666668503e-02 9.020270833333331531e-03 1.166817500000000146e-01
2.487121666666668521e-02 9.684853333333331635e-03 1.255924000000000207e-01
2.580228750000002069e-02 1.038629249999999810e-02 1.344202500000000189e-01
2.640329166666668947e-02 1.112091333333333106e-02 1.432160250000000246e-01
2.672787916666669039e-02 1.188499083333333095e-02 1.520333750000000261e-01
2.679467500000002472e-02 1.267619999999999685e-02 1.608909250000000180e-01
2.652727916666669170e-02 1.349591583333333011e-02 1.697122750000000235e-01
2.583584166666669235e-02 1.435363833333332985e-02 1.784075750000000127e-01
2.514551250000002583e-02 1.518824249999999564e-02 1.874019749999999984e-01
2.399026666666669375e-02 1.584855333333332755e-02 1.962294499999999997e-01
2.302160416666669540e-02 1.617169583333332578e-02 2.055414999999999881e-01
2.546412500000003187e-02 1.602759499999999171e-02 2.185627249999999855e-01
3.122650416666669995e-02 1.549820083333332439e-02 2.352017999999999887e-01
3.765146666666670250e-02 1.485591333333332459e-02 2.528014499999999831e-01
4.358736250000003892e-02 1.426095749999999052e-02 2.702100249999999648e-01
4.899811666666670923e-02 1.371418333333332407e-02 2.873914499999999927e-01
5.414525416666671198e-02 1.319334083333332380e-02 3.046072499999999961e-01
5.905507500000004711e-02 1.269670499999999043e-02 3.218837250000000094e-01
6.367742916666671582e-02 1.222825083333332376e-02 3.391707250000000062e-01
6.798604166666671889e-02 1.178972833333332380e-02 3.564419750000000220e-01
7.197538750000005703e-02 1.138113749999999057e-02 3.736919499999999950e-01
7.567116666666671987e-02 1.100080333333332272e-02 3.909463499999999980e-01
7.912920416666671675e-02 1.064475083333332218e-02 4.082609999999999850e-01
8.234442500000005438e-02 1.031295499999998824e-02 4.256308249999999904e-01
8.528380416666672681e-02 1.000739083333332044e-02 4.430227999999999944e-01
8.796926666666672612e-02 9.725808333333319997e-03 4.604588499999999751e-01
9.039936250000006612e-02 9.468007499999986365e-03 4.779375249999999742e-01
9.255026666666672785e-02 9.236113333333319936e-03 4.954349999999999588e-01
9.444870416666673041e-02 9.028350833333319975e-03 5.129779999999999340e-01
9.609510000000005825e-02 8.844694999999985763e-03 5.305669499999999816e-01
9.744512916666672742e-02 8.689420833333318800e-03 5.481575250000000343e-01
9.850416666666672594e-02 8.562953333333319164e-03 5.657551000000000663e-01
9.932036250000006450e-02 8.461217499999985903e-03 5.834078250000001020e-01
9.992696666666672778e-02 8.385588333333318656e-03 6.011489500000001263e-01
