3.019999999999999681e-03 1.980000000000009530e-03 -3.319620000000000015e+00
-1.611999999999999891e-02 8.360000000000006315e-03 3.399360000000000159e+00
-1.577000000000000277e-02 2.476000000000000423e-02 -1.881500000000000394e-01
1.775000000000000189e-02 -1.081000000000001404e-02 1.197099999999999831e-01
-2.428999999999999909e-02 1.439999999999999614e-02 -6.393999999999988582e-02
2.441000000000000114e-02 -3.172999999999998044e-02 4.601200000000000845e-01
-4.356999999999999762e-02 1.639999999999999791e-02 -8.416500000000002313e-01
2.962999999999999662e-02 -2.285000000000000919e-02 1.449899999999999523e-01
1.191000000000000045e-02 -2.124999999999999112e-02 1.481900000000000439e-01
3.880000000000000115e-02 8.032999999999998475e-02 1.664799999999999613e-01
-5.520000000000000601e-03 -5.396999999999999020e-02 -3.215399999999999370e-01
-3.735000000000000125e-02 -2.691999999999999948e-02 -1.075500000000000345e-01
9.050000000000000752e-03 1.497999999999999332e-02 -1.532099999999998463e-01
-2.725000000000000339e-02 -1.519999999999993578e-03 -6.477000000000010527e-02
-1.289999999999999480e-03 3.200000000000008393e-03 -5.027999999999999137e-02
-1.200999999999999984e-02 -2.325000000000002065e-02 -4.944999999999999396e-02
4.920000000000000762e-03 -1.924999999999998934e-02 8.284000000000002473e-02
-6.940000000000001723e-03 8.390000000000008562e-03 -2.878999999999998227e-02
1.569999999999999868e-02 2.467999999999997973e-02 1.082800000000000429e-01
-2.563000000000000000e-02 2.167000000000002258e-02 1.403999999999998582e-01
3.450999999999999901e-02 -1.331000000000001626e-02 4.784000000000010466e-02
-2.021999999999999839e-02 -3.699999999999981082e-03 9.484999999999987885e-02
2.301999999999999880e-02 5.837999999999998746e-02 7.516000000000011561e-02
-1.147000000000000103e-02 1.349999999999990097e-03 7.708000000000003737e-02
1.400000000000012346e-04 -1.472999999999999310e-02 -1.017200000000000326e-01
-2.088999999999999885e-02 1.829999999999998295e-03 3.268000000000004235e-02
1.979999999999995652e-03 9.289999999999992708e-03 1.728999999999980552e-02
7.300000000000014810e-04 2.315000000000000391e-02 5.690000000000194902e-03
-1.069000000000000505e-02 -6.739999999999995994e-03 5.192999999999980965e-02
