0.000000000000000000e+00 0.000000000000000000e+00 0.000000000000000000e+00
7.750000000000000973e-07 -4.900000000000000519e-06 3.552500000000000292e-05
6.850000000000000484e-06 6.250000000000002841e-06 1.962499999999998913e-05
3.982499999999999224e-05 8.550000000000004536e-06 2.190250000000000248e-04
1.160749999999999890e-04 3.937500000000000163e-05 5.139250000000001456e-04
2.238249999999999788e-04 2.744000000000000020e-04 -1.644499999999999044e-04
3.558749999999999631e-04 5.196000000000000531e-04 -8.270499999999999640e-04
5.458499999999999594e-04 3.867499999999999410e-04 6.762000000000002817e-04
8.322499999999999820e-04 -1.258250000000001988e-04 4.353900000000000825e-03
1.191400000000000011e-03 -9.218750000000002767e-04 9.516675000000002216e-03
1.560175000000000017e-03 -1.966675000000000628e-03 1.602337500000000289e-02
1.873099999999999939e-03 -3.277400000000000625e-03 2.423770000000000091e-02
2.120099999999999763e-03 -4.908775000000000638e-03 3.431652500000000050e-02
2.356174999999999849e-03 -6.715500000000000982e-03 4.525372500000000159e-02
2.615924999999999848e-03 -8.532875000000000529e-03 5.618477499999999930e-02
2.903149999999999741e-03 -1.027792500000000026e-02 6.670109999999999928e-02
3.242174999999999918e-03 -1.201422499999999990e-02 7.701584999999999681e-02
3.658100000000000067e-03 -1.387170000000000070e-02 8.766982499999999290e-02
4.127399999999999819e-03 -1.572505000000000083e-02 9.807769999999998989e-02
4.640174999999999855e-03 -1.755477500000000163e-02 1.081914999999999960e-01
5.217874999999999423e-03 -1.948905000000000082e-02 1.186813249999999903e-01
5.860224999999999289e-03 -2.151644999999999947e-02 1.295558749999999870e-01
6.535374999999999518e-03 -2.349982499999999849e-02 1.401587499999999986e-01
7.211999999999999661e-03 -2.524879999999999833e-02 1.495777500000000093e-01
7.891799999999999163e-03 -2.672622499999999929e-02 1.576305749999999950e-01
8.580274999999998320e-03 -2.794949999999999865e-02 1.643148999999999860e-01
9.290974999999998193e-03 -2.895967499999999722e-02 1.698738499999999929e-01
1.007679999999999861e-02 -2.994362499999999802e-02 1.755472250000000012e-01
1.099072499999999807e-02 -3.106052499999999855e-02 1.825492999999999977e-01
