1.071807187536993000e+00 0.000000000000000000e+00 0.000000000000000000e+00 0.000000000000000000e+00
9.185558122109318546e-01 0.000000000000000000e+00 0.000000000000000000e+00 0.000000000000000000e+00
7.998283464148566724e-01 0.000000000000000000e+00 0.000000000000000000e+00 0.000000000000000000e+00
8.470938980615703162e-01 0.000000000000000000e+00 0.000000000000000000e+00 0.000000000000000000e+00
6.065624527119969356e-01 0.000000000000000000e+00 0.000000000000000000e+00 0.000000000000000000e+00
6.968472677076820165e-01 0.000000000000000000e+00 0.000000000000000000e+00 0.000000000000000000e+00
6.402708764255217178e-01 0.000000000000000000e+00 0.000000000000000000e+00 0.000000000000000000e+00
5.396324081496228775e-01 0.000000000000000000e+00 0.000000000000000000e+00 0.000000000000000000e+00
5.634015308012844114e-01 0.000000000000000000e+00 0.000000000000000000e+00 0.000000000000000000e+00
5.371187168959777880e-01 0.000000000000000000e+00 0.000000000000000000e+00 0.000000000000000000e+00
5.109437671751830834e-01 0.000000000000000000e+00 0.000000000000000000e+00 0.000000000000000000e+00
4.660577691568031367e-01 0.000000000000000000e+00 0.000000000000000000e+00 0.000000000000000000e+00
4.441913835449868286e-01 0.000000000000000000e+00 0.000000000000000000e+00 0.000000000000000000e+00
4.281807850650551917e-01 0.000000000000000000e+00 0.000000000000000000e+00 0.000000000000000000e+00
4.196348904277039105e-01 0.000000000000000000e+00 0.000000000000000000e+00 0.000000000000000000e+00
4.566844129743739544e-01 0.000000000000000000e+00 0.000000000000000000e+00 0.000000000000000000e+00
4.217021233998843877e-01 0.000000000000000000e+00 0.000000000000000000e+00 0.000000000000000000e+00
4.114522272604859143e-01 0.000000000000000000e+00 0.000000000000000000e+00 0.000000000000000000e+00
3.934596026266278246e-01 0.000000000000000000e+00 0.000000000000000000e+00 0.000000000000000000e+00
3.921382721017134809e-01 0.000000000000000000e+00 0.000000000000000000e+00 0.000000000000000000e+00
3.698546558461289213e-01 0.000000000000000000e+00 0.000000000000000000e+00 0.000000000000000000e+00
3.680501198175642474e-01 0.000000000000000000e+00 0.000000000000000000e+00 0.000000000000000000e+00
3.572437065761617236e-01 0.000000000000000000e+00 0.000000000000000000e+00 0.000000000000000000e+00
3.414952888067257497e-01 0.000000000000000000e+00 0.000000000000000000e+00 0.000000000000000000e+00
3.290275920351757866e-01 0.000000000000000000e+00 0.000000000000000000e+00 0.000000000000000000e+00
3.112771170063101112e-01 0.000000000000000000e+00 0.000000000000000000e+00 0.000000000000000000e+00
3.023878106306525648e-01 0.000000000000000000e+00 0.000000000000000000e+00 0.000000000000000000e+00
2.912697306184323653e-01 0.000000000000000000e+00 0.000000000000000000e+00 0.000000000000000000e+00
2.737670013344926656e-01 0.000000000000000000e+00 0.000000000000000000e+00 0.000000000000000000e+00
